# x u(x,t=0.3)
0.0000000000e+00 0.0000000000e+00
2.5000000000e-03 5.5979277785e-40
5.0000000000e-03 2.0805847924e-39
7.5000000000e-03 5.7738945908e-39
1.0000000000e-02 1.4179657769e-38
1.2500000000e-02 3.2501443240e-38
1.5000000000e-02 7.1200496255e-38
1.7500000000e-02 1.5097515881e-37
2.0000000000e-02 3.1221574033e-37
2.2500000000e-02 6.3277928068e-37
2.5000000000e-02 1.2610984218e-36
2.7500000000e-02 2.4773237185e-36
3.0000000000e-02 4.8053236039e-36
3.2500000000e-02 9.2162765415e-36
3.5000000000e-02 1.7496066538e-35
3.7500000000e-02 3.2903665793e-35
4.0000000000e-02 6.1343114842e-35
4.2500000000e-02 1.1343639187e-34
4.5000000000e-02 2.0816704993e-34
4.7500000000e-02 3.7924674881e-34
5.0000000000e-02 6.8617541028e-34
5.2500000000e-02 1.2333481136e-33
5.5000000000e-02 2.2028846448e-33
5.7500000000e-02 3.9107416490e-33
6.0000000000e-02 6.9021314810e-33
6.2500000000e-02 1.2112981114e-32
6.5000000000e-02 2.1141828543e-32
6.7500000000e-02 3.6705565437e-32
7.0000000000e-02 6.3399886272e-32
7.2500000000e-02 1.0896260741e-31
7.5000000000e-02 1.8636346951e-31
7.7500000000e-02 3.1724686342e-31
8.0000000000e-02 5.3758067238e-31
8.2500000000e-02 9.0688899810e-31
8.5000000000e-02 1.5232858887e-30
8.7500000000e-02 2.5478658761e-30
9.0000000000e-02 4.2441355967e-30
9.2500000000e-02 7.0415448319e-30
9.5000000000e-02 1.1637508470e-29
9.7500000000e-02 1.9160717229e-29
1.0000000000e-01 3.1431749766e-29
1.0250000000e-01 5.1377718577e-29
1.0500000000e-01 8.3690087473e-29
1.0750000000e-01 1.3586535669e-28
1.1000000000e-01 2.1984700541e-28
1.1250000000e-01 3.5460928720e-28
1.1500000000e-01 5.7021282614e-28
1.1750000000e-01 9.1415471600e-28
1.2000000000e-01 1.4612874823e-27
1.2250000000e-01 2.3292766247e-27
1.2500000000e-01 3.7026348131e-27
1.2750000000e-01 5.8700089385e-27
1.3000000000e-01 9.2819029934e-27
1.3250000000e-01 1.4639848265e-26
1.3500000000e-01 2.3033868121e-26
1.3750000000e-01 3.6153963035e-26
1.4000000000e-01 5.6614822967e-26
1.4250000000e-01 8.8453406368e-26
1.4500000000e-01 1.3788993313e-25
1.4750000000e-01 2.1448950577e-25
1.5000000000e-01 3.3293190199e-25
1.5250000000e-01 5.1570287106e-25
1.5500000000e-01 7.9717909927e-25
1.5750000000e-01 1.2298170358e-24
1.6000000000e-01 1.8935118113e-24
1.6250000000e-01 2.9097240558e-24
1.6500000000e-01 4.4627645891e-24
1.6750000000e-01 6.8318052703e-24
1.7000000000e-01 1.0438933700e-23
1.7250000000e-01 1.5921161928e-23
1.7500000000e-01 2.4238133925e-23
1.7750000000e-01 3.6832937879e-23
1.8000000000e-01 5.5871771935e-23
1.8250000000e-01 8.4600482715e-23
1.8500000000e-01 1.2787401056e-22
1.8750000000e-01 1.9294117310e-22
1.9000000000e-01 2.9060582809e-22
1.9250000000e-01 4.3694182010e-22
1.9500000000e-01 6.5582124427e-22
1.9750000000e-01 9.8263500533e-22
2.0000000000e-01 1.4697580406e-21
2.0250000000e-01 2.1945628016e-21
2.0500000000e-01 3.2711479020e-21
2.0750000000e-01 4.8674732644e-21
2.1000000000e-01 7.2303486356e-21
2.1250000000e-01 1.0721808805e-20
2.1500000000e-01 1.5871968224e-20
2.1750000000e-01 2.3455681582e-20
2.2000000000e-01 3.4603530969e-20
2.2250000000e-01 5.0962218555e-20
2.2500000000e-01 7.4925936620e-20
2.2750000000e-01 1.0996951778e-19
2.3000000000e-01 1.6112726692e-19
2.3250000000e-01 2.3567992816e-19
2.3500000000e-01 3.4413846433e-19
2.3750000000e-01 5.0165032675e-19
2.4000000000e-01 7.3000599583e-19
2.4250000000e-01 1.0604968042e-18
2.4500000000e-01 1.5379777831e-18
2.4750000000e-01 2.2266331052e-18
2.5000000000e-01 3.2181426935e-18
2.5250000000e-01 4.6432289032e-18
2.5500000000e-01 6.6879524287e-18
2.5750000000e-01 9.6166687871e-18
2.6000000000e-01 1.3804308587e-17
2.6250000000e-01 1.9781685382e-17
2.6500000000e-01 2.8298972290e-17
2.6750000000e-01 4.0414470259e-17
2.7000000000e-01 5.7618517572e-17
2.7250000000e-01 8.2006134884e-17
2.7500000000e-01 1.1651713262e-16
2.7750000000e-01 1.6526942877e-16
2.8000000000e-01 2.3402091096e-16
2.8250000000e-01 3.3080823893e-16
2.8500000000e-01 4.6682874702e-16
2.8750000000e-01 6.5765571719e-16
2.9000000000e-01 9.2490995350e-16
2.9250000000e-01 1.2985547450e-15
2.9500000000e-01 1.8200408829e-15
2.9750000000e-01 2.5466086281e-15
3.0000000000e-01 3.5571613528e-15
3.0250000000e-01 4.9602702064e-15
3.0500000000e-01 6.9050627599e-15
3.0750000000e-01 9.5960072304e-15
3.1000000000e-01 1.3312948746e-14
3.1250000000e-01 1.8438212985e-14
3.1500000000e-01 2.5493201924e-14
3.1750000000e-01 3.5187714019e-14
3.2000000000e-01 4.8486289391e-14
3.2250000000e-01 6.6697290542e-14
3.2500000000e-01 9.1592286596e-14
3.2750000000e-01 1.2556575088e-13
3.3000000000e-01 1.7184828537e-13
3.3250000000e-01 2.3479078000e-13
3.3500000000e-01 3.2024239598e-13
3.3750000000e-01 4.3605240851e-13
3.4000000000e-01 5.9273524498e-13
3.4250000000e-01 8.0435013171e-13
3.4500000000e-01 1.0896624134e-12
3.4750000000e-01 1.4736738515e-12
3.5000000000e-01 1.9896353294e-12
3.5250000000e-01 2.6816890369e-12
3.5500000000e-01 3.6083304442e-12
3.5750000000e-01 4.8469358296e-12
3.6000000000e-01 6.4996720950e-12
3.6250000000e-01 8.7011962417e-12
3.6500000000e-01 1.1628667388e-11
3.6750000000e-01 1.5514741106e-11
3.7000000000e-01 2.0664402254e-11
3.7250000000e-01 2.7476728552e-11
3.7500000000e-01 3.6472975356e-11
3.7750000000e-01 4.8332748198e-11
3.8000000000e-01 6.3940502724e-11
3.8250000000e-01 8.4445205594e-11
3.8500000000e-01 1.1133673390e-10
3.8750000000e-01 1.4654352049e-10
3.9000000000e-01 1.9255711216e-10
3.9250000000e-01 2.5259075080e-10
3.9500000000e-01 3.3078087897e-10
3.9750000000e-01 4.3244269078e-10
4.0000000000e-01 5.6439359213e-10
4.0250000000e-01 7.3536181703e-10
4.0500000000e-01 9.5650160879e-10
4.0750000000e-01 1.2420414842e-09
4.1000000000e-01 1.6100983557e-09
4.1250000000e-01 2.0836979336e-09
4.1500000000e-01 2.6920511476e-09
4.1750000000e-01 3.4721476657e-09
4.2000000000e-01 4.4707413364e-09
4.2250000000e-01 5.7468190268e-09
4.2500000000e-01 7.3746644261e-09
4.2750000000e-01 9.4476525891e-09
4.3000000000e-01 1.2082940081e-08
4.3250000000e-01 1.5427250442e-08
4.3500000000e-01 1.9663996375e-08
4.3750000000e-01 2.5022029748e-08
4.4000000000e-01 3.1786369634e-08
4.4250000000e-01 4.0311328753e-08
4.4500000000e-01 5.1036541671e-08
4.4750000000e-01 6.4506496076e-08
4.5000000000e-01 8.1394283752e-08
4.5250000000e-01 1.0253042322e-07
4.5500000000e-01 1.2893776443e-07
4.5750000000e-01 1.6187367091e-07
4.6000000000e-01 2.0288088998e-07
4.6250000000e-01 2.5384877165e-07
4.6500000000e-01 3.1708678599e-07
4.6750000000e-01 3.9541262238e-07
4.7000000000e-01 4.9225753812e-07
4.7250000000e-01 6.1179206408e-07
4.7500000000e-01 7.5907567802e-07
4.7750000000e-01 9.4023463016e-07
4.8000000000e-01 1.1626727564e-06
4.8250000000e-01 1.4353208518e-06
4.8500000000e-01 1.7689310077e-06
4.8750000000e-01 2.1764232511e-06
4.9000000000e-01 2.6732928694e-06
4.9250000000e-01 3.2780879693e-06
4.9500000000e-01 4.0129681171e-06
4.9750000000e-01 4.9043563359e-06
5.0000000000e-01 5.9836983160e-06
5.0250000000e-01 7.2883444243e-06
5.0500000000e-01 8.8625719835e-06
5.0750000000e-01 1.0758767342e-05
5.1000000000e-01 1.3038789467e-05
5.1250000000e-01 1.5775539157e-05
5.1500000000e-01 1.9054760525e-05
5.1750000000e-01 2.2977104047e-05
5.2000000000e-01 2.7660483332e-05
5.2250000000e-01 3.3242760673e-05
5.2500000000e-01 3.9884799508e-05
5.2750000000e-01 4.7773925000e-05
5.3000000000e-01 5.7127837115e-05
5.3250000000e-01 6.8199023664e-05
5.3500000000e-01 8.1279723890e-05
5.3750000000e-01 9.6707496055e-05
5.4000000000e-01 1.1487144527e-04
5.4250000000e-01 1.3621917019e-04
5.4500000000e-01 1.6126448940e-04
5.4750000000e-01 1.9059600967e-04
5.5000000000e-01 2.2488659952e-04
5.5250000000e-01 2.6490383161e-04
5.5500000000e-01 3.1152145694e-04
5.5750000000e-01 3.6573197213e-04
5.6000000000e-01 4.2866033856e-04
5.6250000000e-01 5.0157890765e-04
5.6500000000e-01 5.8592360124e-04
5.6750000000e-01 6.8331138873e-04
5.7000000000e-01 7.9555909344e-04
5.7250000000e-01 9.2470354971e-04
5.7500000000e-01 1.0730231189e-03
5.7750000000e-01 1.2430605568e-03
5.8000000000e-01 1.4376472077e-03
5.8250000000e-01 1.6599284787e-03
5.8500000000e-01 1.9133905254e-03
5.8750000000e-01 2.2018880550e-03
5.9000000000e-01 2.5296731229e-03
5.9250000000e-01 2.9014247694e-03
5.9500000000e-01 3.3222793084e-03
5.9750000000e-01 3.7978610444e-03
6.0000000000e-01 4.3343131571e-03
6.0250000000e-01 4.9383284508e-03
6.0500000000e-01 5.6171796266e-03
6.0750000000e-01 6.3787486916e-03
6.1000000000e-01 7.2315550766e-03
6.1250000000e-01 8.1847819908e-03
6.1500000000e-01 9.2483005006e-03
6.1750000000e-01 1.0432690777e-02
6.2000000000e-01 1.1749259920e-02
6.2250000000e-01 1.3210055733e-02
6.2500000000e-01 1.4827875787e-02
6.2750000000e-01 1.6616271090e-02
6.3000000000e-01 1.8589543666e-02
6.3250000000e-01 2.0762737315e-02
6.3500000000e-01 2.3151620847e-02
6.3750000000e-01 2.5772663080e-02
6.4000000000e-01 2.8642998891e-02
6.4250000000e-01 3.1780385673e-02
6.4500000000e-01 3.5203149561e-02
6.4750000000e-01 3.8930120852e-02
6.5000000000e-01 4.2980558134e-02
6.5250000000e-01 4.7374060677e-02
6.5500000000e-01 5.2130468778e-02
6.5750000000e-01 5.7269751854e-02
6.6000000000e-01 6.2811884164e-02
6.6250000000e-01 6.8776708257e-02
6.6500000000e-01 7.5183786305e-02
6.6750000000e-01 8.2052239729e-02
6.7000000000e-01 8.9400577641e-02
6.7250000000e-01 9.7246514834e-02
6.7500000000e-01 1.0560678025e-01
6.7750000000e-01 1.1449691704e-01
6.8000000000e-01 1.2393107551e-01
6.8250000000e-01 1.3392180053e-01
6.8500000000e-01 1.4447981498e-01
6.8750000000e-01 1.5561380131e-01
6.9000000000e-01 1.6733018311e-01
6.9250000000e-01 1.7963290903e-01
6.9500000000e-01 1.9252324135e-01
6.9750000000e-01 2.0599955172e-01
7.0000000000e-01 2.2005712675e-01
7.0250000000e-01 2.3468798591e-01
7.0500000000e-01 2.4988071467e-01
7.0750000000e-01 2.6562031539e-01
7.1000000000e-01 2.8188807880e-01
7.1250000000e-01 2.9866147852e-01
7.1500000000e-01 3.1591409130e-01
7.1750000000e-01 3.3361554505e-01
7.2000000000e-01 3.5173149721e-01
7.2250000000e-01 3.7022364495e-01
7.2500000000e-01 3.8904976925e-01
7.2750000000e-01 4.0816381392e-01
7.3000000000e-01 4.2751600079e-01
7.3250000000e-01 4.4705298154e-01
7.3500000000e-01 4.6671802659e-01
7.3750000000e-01 4.8645125069e-01
7.4000000000e-01 5.0618987480e-01
7.4250000000e-01 5.2586852305e-01
7.4500000000e-01 5.4541955330e-01
7.4750000000e-01 5.6477341948e-01
7.5000000000e-01 5.8385906303e-01
7.5250000000e-01 6.0260433089e-01
7.5500000000e-01 6.2093641667e-01
7.5750000000e-01 6.3878232130e-01
7.6000000000e-01 6.5606932944e-01
7.6250000000e-01 6.7272549714e-01
7.6500000000e-01 6.8868014639e-01
7.6750000000e-01 7.0386436188e-01
7.7000000000e-01 7.1821148492e-01
7.7250000000e-01 7.3165759988e-01
7.7500000000e-01 7.4414200791e-01
7.7750000000e-01 7.5560768326e-01
7.8000000000e-01 7.6600170724e-01
7.8250000000e-01 7.7527567528e-01
7.8500000000e-01 7.8338607272e-01
7.8750000000e-01 7.9029461517e-01
7.9000000000e-01 7.9596854979e-01
7.9250000000e-01 8.0038091413e-01
7.9500000000e-01 8.0351074962e-01
7.9750000000e-01 8.0534326753e-01
8.0000000000e-01 8.0586996523e-01
8.0250000000e-01 8.0508869186e-01
8.0500000000e-01 8.0300366239e-01
8.0750000000e-01 7.9962542010e-01
8.1000000000e-01 7.9497074794e-01
8.1250000000e-01 7.8906252973e-01
8.1500000000e-01 7.8192956291e-01
8.1750000000e-01 7.7360632490e-01
8.2000000000e-01 7.6413269575e-01
8.2250000000e-01 7.5355364024e-01
8.2500000000e-01 7.4191885287e-01
8.2750000000e-01 7.2928236975e-01
8.3000000000e-01 7.1570215162e-01
8.3250000000e-01 7.0123964238e-01
8.3500000000e-01 6.8595930800e-01
8.3750000000e-01 6.6992816041e-01
8.4000000000e-01 6.5321527152e-01
8.4250000000e-01 6.3589128196e-01
8.4500000000e-01 6.1802790970e-01
8.4750000000e-01 5.9969746293e-01
8.5000000000e-01 5.8097236205e-01
8.5250000000e-01 5.6192467483e-01
8.5500000000e-01 5.4262566899e-01
8.5750000000e-01 5.2314538569e-01
8.6000000000e-01 5.0355223749e-01
8.6250000000e-01 4.8391263361e-01
8.6500000000e-01 4.6429063514e-01
8.6750000000e-01 4.4474764224e-01
8.7000000000e-01 4.2534211514e-01
8.7250000000e-01 4.0612933002e-01
8.7500000000e-01 3.8716117083e-01
8.7750000000e-01 3.6848595708e-01
8.8000000000e-01 3.5014830795e-01
8.8250000000e-01 3.3218904197e-01
8.8500000000e-01 3.1464511163e-01
8.8750000000e-01 2.9754957172e-01
8.9000000000e-01 2.8093157998e-01
8.9250000000e-01 2.6481642817e-01
8.9500000000e-01 2.4922560186e-01
8.9750000000e-01 2.3417686645e-01
9.0000000000e-01 2.1968437731e-01
9.0250000000e-01 2.0575881143e-01
9.0500000000e-01 1.9240751807e-01
9.0750000000e-01 1.7963468589e-01
9.1000000000e-01 1.6744152376e-01
9.1250000000e-01 1.5582645281e-01
9.1500000000e-01 1.4478530716e-01
9.1750000000e-01 1.3431154073e-01
9.2000000000e-01 1.2439643800e-01
9.2250000000e-01 1.1502932619e-01
9.2500000000e-01 1.0619778711e-01
9.2750000000e-01 9.7887866425e-02
9.3000000000e-01 9.0084278799e-02
9.3250000000e-01 8.2770607270e-02
9.3500000000e-01 7.5929495444e-02
9.3750000000e-01 6.9542831338e-02
9.4000000000e-01 6.3591921846e-02
9.4250000000e-01 5.8057657006e-02
9.4500000000e-01 5.2920663412e-02
9.4750000000e-01 4.8161446299e-02
9.5000000000e-01 4.3760519991e-02
9.5250000000e-01 3.9698526544e-02
9.5500000000e-01 3.5956342574e-02
9.5750000000e-01 3.2515174367e-02
9.6000000000e-01 2.9356641517e-02
9.6250000000e-01 2.6462849387e-02
9.6500000000e-01 2.3816450835e-02
9.6750000000e-01 2.1400697662e-02
9.7000000000e-01 1.9199482309e-02
9.7250000000e-01 1.7197370252e-02
9.7500000000e-01 1.5379623142e-02
9.7750000000e-01 1.3732210995e-02
9.8000000000e-01 1.2241804651e-02
9.8250000000e-01 1.0895711246e-02
9.8500000000e-01 9.6816013774e-03
9.8750000000e-01 8.5864208840e-03
9.9000000000e-01 7.5920611317e-03
9.9250000000e-01 6.6581141060e-03
9.9500000000e-01 5.6532068669e-03
9.9750000000e-01 4.0818960887e-03
1.0000000000e+00 0.0000000000e+00
