# x u(x,t=0)
0.0000000000e+00 1.9287498480e-22
5.0000000000e-03 5.2167366620e-22
1.0000000000e-02 1.3969439431e-21
1.5000000000e-02 3.7035319777e-21
2.0000000000e-02 9.7209850203e-21
2.5000000000e-02 2.5261637809e-20
3.0000000000e-02 6.4993479721e-20
3.5000000000e-02 1.6555226621e-19
4.0000000000e-02 4.1750100559e-19
4.5000000000e-02 1.0424061784e-18
5.0000000000e-02 2.5767571092e-18
5.5000000000e-02 6.3061898940e-18
6.0000000000e-02 1.5279799683e-17
6.5000000000e-02 3.6654333956e-17
7.0000000000e-02 8.7054266223e-17
7.5000000000e-02 2.0469717132e-16
8.0000000000e-02 4.7653047353e-16
8.5000000000e-02 1.0983141298e-15
9.0000000000e-02 2.5062218871e-15
9.5000000000e-02 5.6619955169e-15
1.0000000000e-01 1.2664165549e-14
1.0500000000e-01 2.8044047382e-14
1.1000000000e-01 6.1483964127e-14
1.1500000000e-01 1.3345660848e-13
1.2000000000e-01 2.8679750089e-13
1.2500000000e-01 6.1019366776e-13
1.3000000000e-01 1.2853372251e-12
1.3500000000e-01 2.6805476373e-12
1.4000000000e-01 5.5346100717e-12
1.4500000000e-01 1.1313776200e-11
1.5000000000e-01 2.2897348456e-11
1.5500000000e-01 4.5879624871e-11
1.6000000000e-01 9.1014707645e-11
1.6500000000e-01 1.7875588711e-10
1.7000000000e-01 3.4758912812e-10
1.7500000000e-01 6.6915860913e-10
1.8000000000e-01 1.2754076295e-09
1.8500000000e-01 2.4067224363e-09
1.9000000000e-01 4.4963494623e-09
1.9500000000e-01 8.3167024568e-09
2.0000000000e-01 1.5229979745e-08
2.0500000000e-01 2.7612424568e-08
2.1000000000e-01 4.9564053192e-08
2.1500000000e-01 8.8081791965e-08
2.2000000000e-01 1.5497531357e-07
2.2500000000e-01 2.6995785034e-07
2.3000000000e-01 4.6557157158e-07
2.3500000000e-01 7.9493936153e-07
2.4000000000e-01 1.3438122776e-06
2.4500000000e-01 2.2490559670e-06
2.5000000000e-01 3.7266531721e-06
2.5500000000e-01 6.1135679664e-06
2.6000000000e-01 9.9295043059e-06
2.6500000000e-01 1.5966783898e-05
2.7000000000e-01 2.5419346516e-05
2.7500000000e-01 4.0065297393e-05
2.8000000000e-01 6.2521503775e-05
2.8500000000e-01 9.6593413722e-05
2.9000000000e-01 1.4774836023e-04
2.9500000000e-01 2.2374579372e-04
3.0000000000e-01 3.3546262790e-04
3.0500000000e-01 4.9795542150e-04
3.1000000000e-01 7.3180241888e-04
3.1500000000e-01 1.0647662367e-03
3.2000000000e-01 1.5338106793e-03
3.2500000000e-01 2.1874911182e-03
3.3000000000e-01 3.0887154082e-03
3.3500000000e-01 4.3178400076e-03
3.4000000000e-01 5.9760228950e-03
3.4500000000e-01 8.1887010144e-03
3.5000000000e-01 1.1108996538e-02
3.5500000000e-01 1.4920786069e-02
3.6000000000e-01 1.9841094744e-02
3.6500000000e-01 2.6121409854e-02
3.7000000000e-01 3.4047454735e-02
3.7500000000e-01 4.3936933623e-02
3.8000000000e-01 5.6134762834e-02
3.8500000000e-01 7.1005353740e-02
3.9000000000e-01 8.8921617459e-02
3.9500000000e-01 1.1025052530e-01
4.0000000000e-01 1.3533528324e-01
4.0500000000e-01 1.6447445658e-01
4.1000000000e-01 1.9789869908e-01
4.1500000000e-01 2.3574607656e-01
4.2000000000e-01 2.7803730045e-01
4.2500000000e-01 3.2465246736e-01
4.3000000000e-01 3.7531109885e-01
4.3500000000e-01 4.2955735821e-01
4.4000000000e-01 4.8675225596e-01
4.4500000000e-01 5.4607442664e-01
4.5000000000e-01 6.0653065971e-01
4.5500000000e-01 6.6697681086e-01
4.6000000000e-01 7.2614903707e-01
4.6500000000e-01 7.8270453824e-01
4.7000000000e-01 8.3527021141e-01
4.7500000000e-01 8.8249690258e-01
4.8000000000e-01 9.2311634639e-01
4.8500000000e-01 9.5599748183e-01
4.9000000000e-01 9.8019867331e-01
4.9500000000e-01 9.9501247919e-01
5.0000000000e-01 1.0000000000e+00
5.0500000000e-01 9.9501247919e-01
5.1000000000e-01 9.8019867331e-01
5.1500000000e-01 9.5599748183e-01
5.2000000000e-01 9.2311634639e-01
5.2500000000e-01 8.8249690258e-01
5.3000000000e-01 8.3527021141e-01
5.3500000000e-01 7.8270453824e-01
5.4000000000e-01 7.2614903707e-01
5.4500000000e-01 6.6697681086e-01
5.5000000000e-01 6.0653065971e-01
5.5500000000e-01 5.4607442664e-01
5.6000000000e-01 4.8675225596e-01
5.6500000000e-01 4.2955735821e-01
5.7000000000e-01 3.7531109885e-01
5.7500000000e-01 3.2465246736e-01
5.8000000000e-01 2.7803730045e-01
5.8500000000e-01 2.3574607656e-01
5.9000000000e-01 1.9789869908e-01
5.9500000000e-01 1.6447445658e-01
6.0000000000e-01 1.3533528324e-01
6.0500000000e-01 1.1025052530e-01
6.1000000000e-01 8.8921617459e-02
6.1500000000e-01 7.1005353740e-02
6.2000000000e-01 5.6134762834e-02
6.2500000000e-01 4.3936933623e-02
6.3000000000e-01 3.4047454735e-02
6.3500000000e-01 2.6121409854e-02
6.4000000000e-01 1.9841094744e-02
6.4500000000e-01 1.4920786069e-02
6.5000000000e-01 1.1108996538e-02
6.5500000000e-01 8.1887010144e-03
6.6000000000e-01 5.9760228950e-03
6.6500000000e-01 4.3178400076e-03
6.7000000000e-01 3.0887154082e-03
6.7500000000e-01 2.1874911182e-03
6.8000000000e-01 1.5338106793e-03
6.8500000000e-01 1.0647662367e-03
6.9000000000e-01 7.3180241888e-04
6.9500000000e-01 4.9795542150e-04
7.0000000000e-01 3.3546262790e-04
7.0500000000e-01 2.2374579372e-04
7.1000000000e-01 1.4774836023e-04
7.1500000000e-01 9.6593413722e-05
7.2000000000e-01 6.2521503775e-05
7.2500000000e-01 4.0065297393e-05
7.3000000000e-01 2.5419346516e-05
7.3500000000e-01 1.5966783898e-05
7.4000000000e-01 9.9295043059e-06
7.4500000000e-01 6.1135679664e-06
7.5000000000e-01 3.7266531721e-06
7.5500000000e-01 2.2490559670e-06
7.6000000000e-01 1.3438122776e-06
7.6500000000e-01 7.9493936153e-07
7.7000000000e-01 4.6557157158e-07
7.7500000000e-01 2.6995785034e-07
7.8000000000e-01 1.5497531357e-07
7.8500000000e-01 8.8081791965e-08
7.9000000000e-01 4.9564053192e-08
7.9500000000e-01 2.7612424568e-08
8.0000000000e-01 1.5229979745e-08
8.0500000000e-01 8.3167024568e-09
8.1000000000e-01 4.4963494623e-09
8.1500000000e-01 2.4067224363e-09
8.2000000000e-01 1.2754076295e-09
8.2500000000e-01 6.6915860913e-10
8.3000000000e-01 3.4758912812e-10
8.3500000000e-01 1.7875588711e-10
8.4000000000e-01 9.1014707645e-11
8.4500000000e-01 4.5879624871e-11
8.5000000000e-01 2.2897348456e-11
8.5500000000e-01 1.1313776200e-11
8.6000000000e-01 5.5346100717e-12
8.6500000000e-01 2.6805476373e-12
8.7000000000e-01 1.2853372251e-12
8.7500000000e-01 6.1019366776e-13
8.8000000000e-01 2.8679750089e-13
8.8500000000e-01 1.3345660848e-13
8.9000000000e-01 6.1483964127e-14
8.9500000000e-01 2.8044047382e-14
9.0000000000e-01 1.2664165549e-14
9.0500000000e-01 5.6619955169e-15
9.1000000000e-01 2.5062218871e-15
9.1500000000e-01 1.0983141298e-15
9.2000000000e-01 4.7653047353e-16
9.2500000000e-01 2.0469717132e-16
9.3000000000e-01 8.7054266223e-17
9.3500000000e-01 3.6654333956e-17
9.4000000000e-01 1.5279799683e-17
9.4500000000e-01 6.3061898940e-18
9.5000000000e-01 2.5767571092e-18
9.5500000000e-01 1.0424061784e-18
9.6000000000e-01 4.1750100559e-19
9.6500000000e-01 1.6555226621e-19
9.7000000000e-01 6.4993479721e-20
9.7500000000e-01 2.5261637809e-20
9.8000000000e-01 9.7209850203e-21
9.8500000000e-01 3.7035319777e-21
9.9000000000e-01 1.3969439431e-21
9.9500000000e-01 5.2167366620e-22
1.0000000000e+00 1.9287498480e-22
